3958
4198
4376
4573
4751
4948
5126
5323
5501
5698
5906
6073
6260
6448
6666
6823
7041
7198
7416
7573
7771
7948
8156
8323
8531
8698
8906
9073
9281
9448
9656
9823
10041
10198
10416
10573
10791
10948
11178
11323
11553
11698
11928
12073
12303
12448
12678
12823
13073
13198
13405
13573
13750
13948
14178
14323
14553
14698
14863
15073
15238
15448
15678
15823
16042
16176
16319
16518
16726
16860
17068
17202
17345
17544
17752
17886
18000
18000
18000
18000
18000
18000
18000
18000
18000
18000
18000
18000
18000
18000
18000
18000
18000
18000
18000
18000
