4003
4200
4378
4575
4742
4950
5167
5325
5513
5700
5907
6075
6273
6450
6667
6825
7032
7200
7417
7575
7782
7950
8167
8325
8542
8700
8917
9075
9304
9450
9667
9825
10054
10200
10429
10575
10804
10950
11179
11325
11554
11700
11884
12075
12294
12450
12634
12825
13021
13200
13429
13575
13804
13950
14125
14325
14554
14700
14929
15075
15304
15450
15625
15815
16000
16178
16396
16520
16738
16852
17080
17194
17422
17546
17699
17888
18002
18002
18002
18002
18002
18002
18002
18002
18002
18002
18002
18002
18002
18002
18002
18002
18002
18002
18002
18002
