3948
4198
4382
4573
4778
4948
5153
5323
5528
5698
5903
6073
6268
6448
6663
6823
7028
7198
7413
7573
7778
7948
8163
8323
8528
8698
8913
9073
9288
9448
9663
9823
10027
10198
10413
10573
10757
10948
11175
11323
11550
11688
11862
12063
12290
12448
12622
12823
13050
13198
13363
13573
13800
13948
14175
14323
14550
14698
14925
15073
15227
15448
15675
15823
16039
16176
16310
16518
16652
16860
17065
17202
17336
17544
17749
17886
18000
18000
18000
18000
18000
18000
18000
18000
18000
18000
18000
18000
18000
18000
18000
18000
18000
18000
18000
18000
