3977
4199
4393
4574
4768
4949
5143
5324
5508
5699
5893
6074
6278
6449
6643
6824
7028
7199
7403
7574
7778
7949
8153
8314
8518
8689
8906
9064
9281
9439
9656
9814
10041
10199
10394
10574
10773
10949
11178
11324
11523
11699
11928
12074
12264
12449
12648
12824
13053
13199
13379
13574
13803
13949
14178
14324
14492
14699
14928
15064
15222
15449
15617
15814
15992
16177
16395
16519
16737
16861
17018
17203
17360
17535
17763
17877
18001
18001
18001
18001
18001
18001
18001
18001
18001
18001
18001
18001
18001
18001
18001
18001
18001
18001
18001
18001
