3988
4198
4363
4573
4758
4948
5113
5323
5508
5698
5893
6073
6268
6448
6656
6823
7018
7198
7393
7573
7768
7948
8156
8323
8518
8698
8906
9073
9073
9541
9666
9823
10041
10198
10418
10573
10793
10948
11178
11323
11531
11698
11928
12073
12283
12438
12678
12813
13053
13198
13428
13573
13803
13948
14138
14313
14501
14688
14928
15073
15303
15448
15615
15823
16052
16166
16344
16518
16736
16860
17078
17192
17358
17544
17762
17886
18000
18000
18000
18000
18000
18000
18000
18000
18000
18000
18000
18000
18000
18000
18000
18000
18000
18000
18000
18000
