3982
4192
4367
4567
4772
4942
5157
5317
5492
5692
5887
6067
6272
6442
6670
6817
7035
7192
7397
7567
7772
7942
8170
8317
8545
8693
8921
9068
9296
9443
9683
9818
10058
10193
10433
10568
10735
10943
11110
11318
11476
11693
11933
12068
12308
12443
12621
12818
13058
13193
13433
13568
13808
13943
14078
14318
14558
14693
14828
15068
15235
15443
15610
15818
15985
16171
16389
16513
16731
16855
17002
17197
17415
17539
17757
17881
17995
17995
17995
17995
17995
17995
17995
17995
17995
17995
17995
17995
17995
17995
17995
17995
17995
17995
17995
17995
