4198
4198
4403
4573
4738
4948
5143
5323
5499
5698
5916
6073
6268
6448
6666
6823
6980
7188
7374
7573
7751
7938
8156
8198
8291
8512
8698
8876
9063
9251
9448
9666
9813
10041
10188
10416
10573
10730
10938
11105
11323
11490
11688
11846
12073
12291
12448
12596
12813
13041
13198
13346
13573
13721
13938
14075
14323
14471
14698
14823
15063
15198
15438
15573
15823
15958
16176
16290
16508
16632
16860
16974
17202
17408
17544
17658
17886
18000
18000
18000
18000
18000
18000
18000
18000
18000
18000
18000
18000
18000
18000
18000
18000
18000
18000
18000
18000
