3948
4198
4387
4573
4771
4948
5146
5323
5531
5698
5896
6073
6281
6448
6666
6823
7031
7198
7406
7573
7791
7948
8166
8323
8531
8698
8916
9073
9281
9448
9656
9823
10031
10198
10405
10573
10771
10951
11158
11327
11545
11702
11920
12078
12286
12453
12671
12828
13026
13203
13421
13578
13756
13953
14107
14328
14495
14703
14857
15078
15296
15453
15671
15818
15982
16181
16377
16523
16731
16855
17008
17197
17403
17549
17704
17881
18005
18005
18005
18005
18005
18005
18005
18005
18005
18005
18005
18005
18005
18005
18005
18005
18005
18005
18005
18005
