642
856
963
1177
1284
1498
1605
1819
1926
2140
2247
2461
2568
2782
2889
3103
3210
3424
3541
3745
3862
4003
4183
4332
4494
4677
4815
4996
5136
5307
5457
5661
5778
5971
6099
6282
6420
6624
6741
6945
7062
7245
7383
7576
7704
7898
8025
8219
8346
8560
8667
8871
8988
9202
9309
9500
9630
9821
9951
10142
10272
10486
10593
10807
10914
11115
11235
11436
11556
11757
11877
12078
12198
12412
12519
12720
12840
13041
13161
13362
13482
13683
13803
14004
14124
14325
14445
14646
14766
14967
15087
15288
15408
15408
15408
15408
