642
856
963
1177
1284
1498
1605
1819
1926
2140
2247
2461
2568
2782
2889
3103
3210
3424
3531
3732
3862
4066
4183
4343
4494
4637
4815
5019
5136
5308
5458
5629
5791
5971
6101
6305
6422
6615
6743
6947
7064
7268
7385
7578
7706
7910
8027
8211
8348
8552
8669
8873
8990
9185
9311
9506
9632
9817
9953
10158
10274
10469
10595
10800
10916
11121
11237
11432
11558
11762
11879
12084
12200
12395
12521
12725
12842
13037
13163
13367
13484
13688
13805
14009
14126
14330
14447
14651
14768
14972
15089
15293
15410
15410
15410
15410
