642
856
963
1177
1284
1498
1605
1819
1926
2140
2247
2461
2568
2782
2889
3103
3210
3424
3531
3732
3852
4042
4173
4321
4504
4688
4815
4999
5136
5319
5457
5641
5778
5962
6099
6282
6420
6614
6741
6925
7062
7255
7383
7587
7704
7888
8025
8218
8346
8541
8667
8862
8988
9183
9309
9504
9630
9825
9951
10146
10272
10467
10593
10798
10914
11109
11235
11430
11556
11764
11877
12072
12198
12393
12519
12714
12840
13035
13161
13365
13482
13686
13803
14007
14124
14328
14445
14649
14766
14970
15087
15291
15408
15408
15408
15408
