642
856
963
1177
1284
1498
1605
1819
1926
2140
2247
2461
2568
2782
2889
3103
3210
3424
3531
3745
3852
4066
4173
4377
4494
4654
4815
4982
5136
5329
5457
5627
5778
5948
6099
6293
6420
6603
6741
6935
7062
7266
7383
7567
7704
7897
8025
8229
8346
8551
8667
8861
8988
9202
9309
9514
9630
9825
9951
10156
10272
10477
10593
10798
10914
11109
11235
11430
11556
11770
11877
12072
12198
12393
12519
12723
12840
13035
13161
13365
13482
13686
13803
14007
14124
14328
14445
14649
14766
14970
15087
15291
15408
15408
15408
15408
