642
857
964
1178
1286
1500
1607
1821
1928
2142
2249
2463
2570
2784
2891
3105
3212
3426
3533
3736
3854
4068
4175
4370
4497
4656
4818
5010
5139
5321
5460
5629
5781
5972
6102
6306
6423
6593
6744
6940
7065
7269
7386
7590
7707
7911
8028
8222
8349
8543
8670
8864
8991
9195
9313
9507
9634
9828
9955
10149
10276
10480
10597
10801
10918
11112
11239
11433
11560
11774
11881
12095
12202
12396
12523
12727
12844
13048
13165
13369
13486
13690
13807
14011
14128
14332
14449
14653
14770
14974
15091
15295
15412
15412
15412
15412
