642
856
963
1177
1284
1498
1605
1819
1926
2140
2247
2461
2568
2782
2889
3103
3210
3424
3531
3732
3852
4042
4183
4387
4494
4663
4815
5029
5136
5340
5457
5630
5778
5992
6099
6292
6420
6615
6741
6936
7062
7276
7383
7597
7704
7908
8025
8229
8346
8541
8667
8862
8988
9183
9309
9504
9630
9815
9951
10146
10272
10457
10593
10788
10914
11099
11235
11420
11556
11741
11877
12062
12198
12383
12519
12713
12840
13025
13161
13346
13482
13676
13803
13997
14124
14309
14445
14639
14766
14960
15087
15281
15408
15408
15408
15408
