642
856
963
1177
1284
1498
1605
1819
1926
2140
2247
2461
2568
2747
2889
3103
3210
3400
3555
3745
3852
4066
4173
4316
4494
4708
4815
5010
5136
5350
5457
5671
5778
5992
6099
6303
6420
6634
6741
6945
7062
7247
7384
7588
7705
7909
8026
8240
8347
8551
8668
8872
8989
9180
9310
9514
9631
9822
9952
10143
10273
10464
10594
10785
10915
11106
11236
11427
11557
11761
11878
12069
12199
12390
12520
12711
12841
13032
13162
13353
13483
13674
13804
13995
14125
14316
14446
14637
14767
14958
15088
15279
15409
15409
15409
15409
