1993
1993
2149
2315
2470
2624
2779
2933
3088
3242
3397
3563
3706
3860
4003
4172
4324
4478
4633
4788
4942
5084
5251
5302
5354
5560
5702
5869
6023
6178
6332
6487
6629
6796
6938
7093
7259
7414
7556
7712
7877
8032
8186
8341
8483
8650
8804
8947
9113
9268
9424
9565
9720
9874
10040
10203
10337
10500
10658
10821
10967
11122
11277
11420
11585
11728
11894
12049
12192
12347
12484
12655
12821
12984
13131
13274
13418
13602
13748
13891
14027
14188
14366
14529
14675
14778
14778
14778
14778
14778
14778
14778
14778
14778
14778
14778
14778
