1853
2007
2162
2328
2472
2625
2780
2934
3089
3243
3398
3564
3707
3861
4016
4170
4325
4479
4634
4788
4943
5097
5252
5418
5562
5727
5870
6024
6179
6333
6488
6654
6797
6951
7106
7260
7415
7569
7724
7878
8033
8187
8342
8508
8651
8805
8960
9114
9269
9423
9578
9732
9887
10041
10196
10350
10505
10659
10814
10968
11123
11289
11432
11586
11741
11895
12050
12204
12359
12513
12668
12822
12977
13131
13286
13440
13595
13761
13904
14058
14213
14367
14522
14688
14779
14779
14779
14779
14779
14779
14779
14779
14779
14779
14779
14779
