1853
2019
2162
2328
2471
2637
2780
2946
3089
3255
3398
3552
3707
3873
4016
4170
4325
4479
4634
4800
4943
5109
5252
5418
5561
5727
5870
6024
6179
6333
6488
6654
6797
6963
7106
7272
7415
7581
7724
7890
8033
8199
8342
8508
8651
8817
8960
9114
9332
9435
9578
9744
9887
10053
10196
10350
10505
10671
10814
10980
11123
11289
11432
11598
11741
11907
12050
12216
12359
12537
12668
12834
12977
13143
13286
13452
13595
13761
13904
14070
14213
14379
14522
14688
14791
14791
14791
14791
14791
14791
14791
14791
14791
14791
14791
14791
