1853
2019
2162
2316
2471
2637
2780
2946
3089
3255
3398
3564
3707
3873
4016
4182
4325
4491
4634
4800
4943
5109
5252
5418
5561
5727
5870
6036
6242
6385
6488
6654
6797
6963
7106
7272
7415
7581
7724
7890
8033
8199
8342
8509
8652
8818
8961
9115
9270
9436
9579
9745
9888
10054
10197
10363
10506
10672
10815
10969
11124
11290
11433
11587
11742
11908
12051
12217
12361
12514
12670
12836
12979
13145
13288
13454
13597
13763
13906
14072
14215
14381
14524
14690
14793
14793
14793
14793
14793
14793
14793
14793
14793
14793
14793
14793
